693,2
732,0
611,1
590,1
444,1
40,0
374,1
849,0
286,1
753,2
435,2
600,2
108,1
237,1
825,0
928,2
829,1
540,2
137,1
158,0
65,2
188,1
795,1
974,1
268,0
354,1
472,0
803,2
505,0
230,2
33,2
502,1
783,0
128,1
581,1
225,0
246,2
340,1
848,2
233,1
393,0
740,0
454,0
206,2
660,1
87,2
744,2
355,1
287,1
305,1
392,2
513,1
703,0
403,0
88,0
939,1
336,0
13,2
367,1
574,0
874,2
1010,2
80,0
896,0
664,0
707,2
26,1
98,1
344,2
221,1
317,1
291,0
805,2
619,2
586,2
3,0
757,0
124,2
535,1
404,0
749,0
460,1
639,0
614,2
520,2
93,2
801,2
775,0
643,1
549,0
635,0
992,2
249,2
456,0
1009,0
863,0
277,2
224,0
85,2
243,1
835,0
996,0
798,1
481,1
73,2
787,0
495,1
762,0
54,2
15,0
851,1
631,1
687,2
153,1
818,2
345,1
756,0
58,2
320,2
763,2
406,1
1006,2
46,0
63,2
559,1
115,0
265,0
685,0
533,2
701,2
713,1
529,1
94,2
448,1
468,2
260,2
599,0
550,2
78,2
187,2
129,1
578,1
310,2
865,2
530,2
173,2
536,1
143,2
323,0
510,0
524,1
202,1
504,0
118,0
95,2
415,2
844,2
538,2
680,2
69,2
263,1
147,0
241,2
485,1
895,2
972,2
683,1
211,2
572,1
120,0
548,2
872,0
266,2
605,2
258,0
96,2
821,1
927,2
408,2
491,1
113,1
357,0
594,0
304,0
946,2
90,0
279,1
371,0
841,0
797,2
799,1
382,2
832,0
384,1
667,0
458,1
45,1
282,2
480,0
431,1
52,2
647,1
562,2
